# hh_aa lines 7-30
-0.50000  -0.86603   0.00000   0.1009874E-02
 0.00000   0.00000  -1.63200   0.3011768E-03
 0.00000  -1.73205   0.00000   0.1341770E-03
-0.50000  -0.86603  -1.63200  -0.2756978E-04
-1.00000  -1.73205   0.00000  -0.7511495E-04
-1.50000  -0.86603  -1.63200   0.1033242E-04
-1.00000  -1.73205  -1.63200   0.9628786E-05
-2.00000  -1.73205   0.00000  -0.2725600E-04
-1.50000  -2.59808   0.0000    0.3024352E-04
-2.00000  -1.73205  -1.63200   0.1686439E-06
 0.00000   0.00000  -3.26400   0.6400766E-05
-0.50000  -0.86603  -3.26400  -0.4550626E-05
-1.50000  -2.59808  -1.63200   0.9046992E-05
0.00000  -3.46410   0.00000    0.7552134E-05
-1.00000  -3.46410   0.00000  -0.3298108E-05
0.00000  -1.73205  -3.2640     0.1048265E-04
-1.00000  -1.73205  -3.26400  -0.2701702E-05
# hh_ab lines 7-27
 0.00000  -0.57735  -0.81600   0.1155848E-02
-1.00000  -0.57735  -0.81600   0.1462236E-03
-0.50000  -1.44338  -0.81600   0.1103099E-03
-1.50000  -1.44338  -0.81600   0.1045033E-04
 0.00000  -2.30940  -0.81600   0.2748941E-04
 0.00000  -0.57735  -2.44800   0.7169848E-05
-1.00000  -2.30940  -0.81600  -0.2138613E-04
-1.00000  -0.57735  -2.44800  -0.2891359E-04
-0.50000  -1.44338  -2.44800  -0.8570310E-05
-2.50000  -1.44338  -0.81600   0.5092559E-05
-2.00000  -2.30940  -0.81600  -0.7847826E-05
-1.50000  -1.44338  -2.44800  -0.2775705E-05
-0.50000  -3.17543  -0.81600   0.7914146E-05
 0.00000  -2.30940  -2.44800  -0.3471709E-05
-1.00000  -2.30940  -2.44800   0.8471772E-05
-1.50000  -3.17543  -0.81600   0.2386025E-05
-2.50000  -1.44338  -2.44800  -0.2233577E-05
-3.00000  -2.30940  -0.81600   0.2912458E-05
-2.00000  -2.30940  -2.44800   0.1921038E-05
-0.50000  -3.17543  -2.44800   0.1626689E-05
 0.00000  -0.57735  -4.08000   0.1064489E-04

