#------------------------------------------------------------------
#    Exchange interactions for hcp Co: a-a pairs
#------------------------------------------------------------------
#   center: ia=  1      co (a)        neighbor: ja=  1      co (a)      
#  mul   vect-x    vect-y    vect-z     dist           hhj    
#------------------------------------------------------------------
     6  -0.50000  -0.86603   0.00000   1.00000       0.1009874E-02
     2   0.00000   0.00000  -1.62200   1.62200       0.3011768E-03
     3  -1.50000  -0.86603   0.00000   1.73205       0.1341770E-03
     3   0.00000  -1.73205   0.00000   1.73205       0.1341770E-03
    12  -0.50000  -0.86603  -1.62200   1.90549      -0.2756978E-04
     6  -1.00000  -1.73205   0.00000   2.00000      -0.7511495E-04
     6  -1.50000  -0.86603  -1.62200   2.37295       0.1033242E-04
     6   0.00000  -1.73205  -1.62200   2.37295       0.1033242E-04
    12  -1.00000  -1.73205  -1.62200   2.57505       0.9628786E-05
     6  -2.00000  -1.73205   0.00000   2.64575      -0.2725600E-04
     6  -0.50000  -2.59808   0.00000   2.64575      -0.2725600E-04
     6  -1.50000  -2.59808   0.00000   3.00000       0.3024352E-04
    12  -2.00000  -1.73205  -1.62200   3.10337       0.1686439E-06
    12  -0.50000  -2.59808  -1.62200   3.10337       0.1686439E-06
     2   0.00000   0.00000  -3.24400   3.24400       0.6400766E-05
    12  -0.50000  -0.86603  -3.24400   3.39463      -0.4550626E-05
    12  -1.50000  -2.59808  -1.62200   3.41041       0.9046992E-05
     3  -3.00000  -1.73205   0.00000   3.46410       0.7552134E-05
     3   0.00000  -3.46410   0.00000   3.46410       0.7552134E-05
     6  -2.50000  -2.59808   0.00000   3.60555      -0.3298108E-05
     6  -1.00000  -3.46410   0.00000   3.60555      -0.3298108E-05
     6  -1.50000  -0.86603  -3.24400   3.67744       0.1048265E-04
     6   0.00000  -1.73205  -3.24400   3.67744       0.1048265E-04
    12  -1.00000  -1.73205  -3.24400   3.81098      -0.2701702E-05
     6  -3.00000  -1.73205  -1.62200   3.82503      -0.1871373E-05
     6   0.00000  -3.46410  -1.62200   3.82503      -0.1871373E-05
    12  -2.50000  -2.59808  -1.62200   3.95359       0.5462140E-06
    12  -1.00000  -3.46410  -1.62200   3.95359       0.5462140E-06
     6  -2.00000  -3.46410   0.00000   4.00000      -0.1399241E-04
    12  -2.00000  -1.73205  -3.24400   4.18611      -0.1194898E-05
    12  -0.50000  -2.59808  -3.24400   4.18611      -0.1194898E-05
    12  -2.00000  -3.46410  -1.62200   4.31635      -0.4337788E-05
     6  -3.50000  -2.59808   0.00000   4.35890      -0.2357408E-05
     6  -0.50000  -4.33013   0.00000   4.35890      -0.2357408E-05
    12  -1.50000  -2.59808  -3.24400   4.41854       0.1173696E-05
     6  -3.00000  -3.46410   0.00000   4.58258       0.9434881E-05
     6  -1.50000  -4.33013   0.00000   4.58258       0.9434881E-05
    12  -3.50000  -2.59808  -1.62200   4.65090      -0.5401345E-06
    12  -0.50000  -4.33013  -1.62200   4.65090      -0.5401345E-06
     6  -3.00000  -1.73205  -3.24400   4.74590       0.7234082E-06
     6   0.00000  -3.46410  -3.24400   4.74590       0.7234082E-06
    12  -2.50000  -2.59808  -3.24400   4.85011      -0.4759528E-07
    12  -1.00000  -3.46410  -3.24400   4.85011      -0.4759528E-07
    12  -3.00000  -3.46410  -1.62200   4.86116       0.1597845E-05
    12  -1.50000  -4.33013  -1.62200   4.86116       0.1597845E-05
     2   0.00000   0.00000  -4.86600   4.86600       0.1638011E-05
    12  -0.50000  -0.86603  -4.86600   4.96769      -0.2250141E-05
     6  -2.50000  -4.33013   0.00000   5.00000       0.3127248E-05
    12  -2.00000  -3.46410  -3.24400   5.15010       0.4885092E-06
     6  -1.50000  -0.86603  -4.86600   5.16507       0.2695483E-05
     6   0.00000  -1.73205  -4.86600   5.16507       0.2695483E-05
     3  -4.50000  -2.59808   0.00000   5.19615       0.1007333E-05
     3   0.00000  -5.19615   0.00000   5.19615       0.1007333E-05
    12  -2.50000  -4.33013  -1.62200   5.25651      -0.3347658E-07
    12  -1.00000  -1.73205  -4.86600   5.26098      -0.1018006E-05
     6  -4.00000  -3.46410   0.00000   5.29150      -0.2745087E-06
     6  -1.00000  -5.19615   0.00000   5.29150      -0.2745087E-06
    12  -3.50000  -2.59808  -3.24400   5.43356      -0.4897378E-07
    12  -0.50000  -4.33013  -3.24400   5.43356      -0.4897378E-07
     6  -4.50000  -2.59808  -1.62200   5.44343       0.1961486E-06
     6   0.00000  -5.19615  -1.62200   5.44343       0.1961486E-06
    12  -4.00000  -3.46410  -1.62200   5.53452       0.2821489E-06
    12  -1.00000  -5.19615  -1.62200   5.53452       0.2821489E-06
    12  -2.00000  -1.73205  -4.86600   5.53877       0.3559984E-06
    12  -0.50000  -2.59808  -4.86600   5.53877       0.3559984E-06
     6  -3.50000  -4.33013   0.00000   5.56776      -0.5187479E-05
     6  -2.00000  -5.19615   0.00000   5.56776      -0.5187479E-05
    12  -3.00000  -3.46410  -3.24400   5.61458      -0.9969177E-07
    12  -1.50000  -4.33013  -3.24400   5.61458      -0.9969177E-07
    12  -1.50000  -2.59808  -4.86600   5.71646       0.9528472E-06
    12  -3.50000  -4.33013  -1.62200   5.79921      -0.1476926E-05
    12  -2.00000  -5.19615  -1.62200   5.79921      -0.1476926E-05
    12  -2.50000  -4.33013  -3.24400   5.96016      -0.5841590E-06
     6  -3.00000  -1.73205  -4.86600   5.97310      -0.9639083E-06
     6   0.00000  -3.46410  -4.86600   5.97310      -0.9639083E-06
     6  -3.00000  -5.19615   0.00000   6.00000       0.7220133E-05
    12  -2.50000  -2.59808  -4.86600   6.05623      -0.5690598E-08
    12  -1.00000  -3.46410  -4.86600   6.05623      -0.5690598E-08
     6  -5.00000  -3.46410   0.00000   6.08276      -0.4352530E-06
     6  -0.50000  -6.06218   0.00000   6.08276      -0.4352530E-06
     6  -4.50000  -2.59808  -3.24400   6.12565       0.1089930E-06
     6   0.00000  -5.19615  -3.24400   6.12565       0.1089930E-06
    12  -4.00000  -3.46410  -3.24400   6.20673       0.9636723E-07
    12  -1.00000  -5.19615  -3.24400   6.20673       0.9636723E-07
    12  -3.00000  -5.19615  -1.62200   6.21537       0.2192102E-05
     6  -4.50000  -4.33013   0.00000   6.24500       0.4576379E-06
     6  -1.50000  -6.06218   0.00000   6.24500       0.4576379E-06
    12  -5.00000  -3.46410  -1.62200   6.29531      -0.2205670E-06
    12  -0.50000  -6.06218  -1.62200   6.29531      -0.2205670E-06
    12  -2.00000  -3.46410  -4.86600   6.29904      -0.1391743E-05
    12  -3.50000  -4.33013  -3.24400   6.44388       0.2759112E-06
    12  -2.00000  -5.19615  -3.24400   6.44388       0.2759112E-06
    12  -4.50000  -4.33013  -1.62200   6.45220       0.3210383E-06
    12  -1.50000  -6.06218  -1.62200   6.45220       0.3210383E-06
     2   0.00000   0.00000  -6.48800   6.48800       0.2008063E-06
    12  -3.50000  -2.59808  -4.86600   6.53284       0.6785916E-07
    12  -0.50000  -4.33013  -4.86600   6.53284       0.6785916E-07
     6  -4.00000  -5.19615   0.00000   6.55744       0.1034871E-05
     6  -2.50000  -6.06218   0.00000   6.55744       0.1034871E-05
    12  -0.50000  -0.86603  -6.48800   6.56461      -0.1481157E-06
    12  -3.00000  -3.46410  -4.86600   6.68416       0.1122459E-05
    12  -1.50000  -4.33013  -4.86600   6.68416       0.1122459E-05
     6  -1.50000  -0.86603  -6.48800   6.71522       0.1613162E-06
     6   0.00000  -1.73205  -6.48800   6.71522       0.1613162E-06
    12  -4.00000  -5.19615  -1.62200   6.75506      -0.1382316E-06
    12  -2.50000  -6.06218  -1.62200   6.75506      -0.1382316E-06
    12  -1.00000  -1.73205  -6.48800   6.78927      -0.1322718E-05
    12  -3.00000  -5.19615  -3.24400   6.82082      -0.2253665E-06
    12  -5.00000  -3.46410  -3.24400   6.89373      -0.1302079E-06
    12  -0.50000  -6.06218  -3.24400   6.89373      -0.1302079E-06
     3  -6.00000  -3.46410   0.00000   6.92820      -0.4052048E-07
     3   0.00000  -6.92820   0.00000   6.92820      -0.4052048E-07
    12  -2.50000  -4.33013  -4.86600   6.97696      -0.3142005E-06
     6  -5.50000  -4.33013   0.00000   7.00000      -0.3111487E-06
     6  -3.50000  -6.06218   0.00000   7.00000      -0.7001163E-05
     6  -1.00000  -6.92820   0.00000   7.00000      -0.3111487E-06
    12  -2.00000  -1.73205  -6.48800   7.00672       0.3601320E-06
    12  -0.50000  -2.59808  -6.48800   7.00672       0.3601320E-06
#------------------------------------------------------------------
