#------------------------------------------------------------------
#   Exchange interactions for hcp Co:  a-b pairs
#------------------------------------------------------------------
#   center: ia=  1      co (a)        neighbor: ja=  2      co (b)      
#  mul   vect-x    vect-y    vect-z     dist           hhj    
#------------------------------------------------------------------
     6   0.00000  -0.57735  -0.81100   0.99552       0.1155848E-02
     6  -1.00000  -0.57735  -0.81100   1.41105       0.1462236E-03
    12  -0.50000  -1.44338  -0.81100   1.72947       0.1103099E-03
    12  -1.50000  -1.44338  -0.81100   2.23407       0.1045033E-04
     6   0.00000  -2.30940  -0.81100   2.44766       0.2748941E-04
     6   0.00000  -0.57735  -2.43300   2.50056       0.7169848E-05
    12  -1.00000  -2.30940  -0.81100   2.64406      -0.2138613E-04
     6  -1.00000  -0.57735  -2.43300   2.69311      -0.2891359E-04
    12  -0.50000  -1.44338  -2.43300   2.87277      -0.8570310E-05
     6  -2.50000  -1.44338  -0.81100   2.99851       0.5092559E-05
    12  -2.00000  -2.30940  -0.81100   3.16086      -0.7847826E-05
    12  -1.50000  -1.44338  -2.43300   3.20200      -0.2775705E-05
    12  -0.50000  -3.17543  -0.81100   3.31528       0.7914146E-05
     6   0.00000  -2.30940  -2.43300   3.35452      -0.3471709E-05
    12  -1.00000  -2.30940  -2.43300   3.50040       0.8471772E-05
    12  -1.50000  -3.17543  -0.81100   3.60431       0.2386025E-05
     6  -2.50000  -1.44338  -2.43300   3.77529      -0.2233577E-05
    12  -3.00000  -2.30940  -0.81100   3.87183       0.2912458E-05
    12  -2.00000  -2.30940  -2.43300   3.90549       0.1921038E-05
    12  -0.50000  -3.17543  -2.43300   4.03148       0.1626689E-05
     6   0.00000  -0.57735  -4.05500   4.09590       0.1064489E-04
    12  -2.50000  -3.17543  -0.81100   4.12202      -0.1742801E-05
     6   0.00000  -4.04145  -0.81100   4.12202       0.7023746E-06
     6  -1.00000  -0.57735  -4.05500   4.21620      -0.2812469E-05
    12  -1.00000  -4.04145  -0.81100   4.24159      -0.4835110E-05
    12  -1.50000  -3.17543  -2.43300   4.27233      -0.2115337E-05
    12  -0.50000  -1.44338  -4.05500   4.33317      -0.3727273E-05
    12  -3.00000  -2.30940  -2.43300   4.50031       0.3798813E-06
    12  -1.50000  -1.44338  -4.05500   4.55811       0.6500316E-06
    12  -2.00000  -4.04145  -0.81100   4.58160       0.1842352E-05
     6   0.00000  -2.30940  -4.05500   4.66651      -0.3608866E-05
     6  -4.00000  -2.30940  -0.81100   4.68946       0.9067373E-07
    12  -2.50000  -3.17543  -2.43300   4.71729       0.1906884E-06
     6   0.00000  -4.04145  -2.43300   4.71729       0.8850764E-06
    12  -1.00000  -2.30940  -4.05500   4.77246       0.1047023E-05
    12  -3.50000  -3.17543  -0.81100   4.79490      -0.2051286E-05
    12  -1.00000  -4.04145  -2.43300   4.82212      -0.9520350E-06
     6  -2.50000  -1.44338  -4.05500   4.97759      -0.2354530E-05
    12  -0.50000  -4.90748  -0.81100   4.99911       0.4966840E-06
    12  -2.00000  -2.30940  -4.05500   5.07704       0.6161731E-07
    12  -3.00000  -4.04145  -0.81100   5.09814       0.2908721E-05
    12  -2.00000  -4.04145  -2.43300   5.12375       0.1384881E-05
    12  -0.50000  -3.17543  -4.05500   5.17459       0.9216776E-06
    12  -1.50000  -4.90748  -0.81100   5.19529       0.2292204E-05
     6  -4.00000  -2.30940  -2.43300   5.22042      -0.8642791E-07
    12  -3.50000  -3.17543  -2.43300   5.31534       0.4871210E-07
    12  -1.50000  -3.17543  -4.05500   5.36436      -0.1742396E-06
    12  -0.50000  -4.90748  -2.43300   5.50026       0.5695357E-07
    12  -3.00000  -2.30940  -4.05500   5.54764       0.8141042E-06
    12  -4.50000  -3.17543  -0.81100   5.56696      -0.5978882E-06
    12  -2.50000  -4.90748  -0.81100   5.56696      -0.5662852E-05
    12  -3.00000  -4.04145  -2.43300   5.59042       0.3365090E-06
    12  -1.50000  -4.90748  -2.43300   5.67916       0.3929477E-09
     6   0.00000  -0.57735  -5.67700   5.70628       0.8038537E-06
    12  -2.50000  -3.17543  -4.05500   5.72506      -0.5147969E-06
     6   0.00000  -4.04145  -4.05500   5.72506       0.6001573E-06
    12  -4.00000  -4.04145  -0.81100   5.74378       0.1558393E-06
     6  -1.00000  -0.57735  -5.67700   5.79324      -0.1481814E-05
    12  -1.00000  -4.04145  -4.05500   5.81174      -0.6855210E-06
     6   0.00000  -5.77350  -0.81100   5.83018      -0.1102597E-06
    12  -0.50000  -1.44338  -5.67700   5.87892       0.1974968E-05
    12  -1.00000  -5.77350  -0.81100   5.91532       0.6003532E-08
    12  -4.50000  -3.17543  -2.43300   6.02103      -0.5734547E-07
    12  -2.50000  -4.90748  -2.43300   6.02103      -0.5484168E-06
    12  -1.50000  -1.44338  -5.67700   6.04662       0.2996854E-06
    12  -2.00000  -4.04145  -4.05500   6.06435       0.2254356E-07
    12  -3.50000  -4.90748  -0.81100   6.08203      -0.1757254E-05
     6   0.00000  -2.30940  -5.67700   6.12876      -0.1523569E-05
     6  -4.00000  -2.30940  -4.05500   6.14625      -0.5903918E-06
    12  -2.00000  -5.77350  -0.81100   6.16369       0.1163201E-05
    12  -4.00000  -4.04145  -2.43300   6.18489      -0.3961274E-06
    12  -1.00000  -2.30940  -5.67700   6.20980      -0.1763036E-05
    12  -3.50000  -3.17543  -4.05500   6.22707       0.4555790E-07
     6   0.00000  -5.77350  -2.43300   6.26521       0.2253168E-06
    12  -1.00000  -5.77350  -2.43300   6.34451      -0.7123730E-06
     6  -2.50000  -1.44338  -5.67700   6.36880       0.1654465E-08
    12  -0.50000  -4.90748  -4.05500   6.38564       0.2818183E-07
     6  -5.50000  -3.17543  -0.81100   6.40243       0.8324304E-06
    12  -2.00000  -2.30940  -5.67700   6.44683      -0.8561002E-08
    12  -3.00000  -4.04145  -4.05500   6.46346       0.4926372E-07
    12  -5.00000  -4.04145  -0.81100   6.48005       0.2310591E-06
    12  -3.50000  -4.90748  -2.43300   6.50022       0.5562526E-06
    12  -0.50000  -3.17543  -5.67700   6.52393       0.3628453E-06
    12  -1.50000  -4.90748  -4.05500   6.54036       0.7397609E-07
    12  -3.00000  -5.77350  -0.81100   6.55676       0.4373205E-05
    12  -2.00000  -5.77350  -2.43300   6.57669       0.9831966E-06
    12  -1.50000  -3.17543  -5.67700   6.67545       0.1171845E-05
    12  -4.50000  -4.90748  -0.81100   6.70754       0.8919725E-06
    12  -0.50000  -6.63953  -0.81100   6.70754       0.3318945E-06
     6  -5.50000  -3.17543  -2.43300   6.80094       0.1361201E-06
    12  -3.00000  -2.30940  -5.67700   6.82361       0.6577077E-06
    12  -4.50000  -3.17543  -4.05500   6.83932      -0.2370358E-08
    12  -2.50000  -4.90748  -4.05500   6.83932       0.4487637E-06
    12  -1.50000  -6.63953  -0.81100   6.85500       0.3406083E-06
    12  -5.00000  -4.04145  -2.43300   6.87407       0.2459509E-06
    12  -3.00000  -5.77350  -2.43300   6.94643      -0.6049779E-07
    12  -2.50000  -3.17543  -5.67700   6.96862      -0.8444914E-06
     6   0.00000  -4.04145  -5.67700   6.96862       0.3574736E-06
    12  -4.00000  -4.04145  -4.05500   6.98401      -0.3163010E-07
#------------------------------------------------------------------
